46 32 32
832 576 16
1344 608 15
704 1152 17
1056 1088 17
2592 992 22
2528 800 22
3040 608 16
2784 224 18
2912 224 17
3840 224 17
4928 224 18
4064 640 15
2912 1216 15
2720 1216 15
3296 1024 16
3264 1504 16
3040 1440 19
3648 2304 15
3840 2432 18
3552 2432 18
3936 2304 15
2752 2752 16
2912 2528 21
2368 2464 16
2176 2560 17
1760 2464 20
1792 2080 20
4576 608 15
5888 1056 19
6144 832 21
6144 864 22
5888 608 20
4320 2112 17
5024 2112 18
4288 2496 15
4832 2496 16
5984 2752 16
5440 2528 16
5664 2528 16
5760 2624 17
5536 2624 17
5952 2304 18
5472 2368 18
4960 2656 15
1696 1984 22
1408 2208 22
