56 32 32
256 224 0
288 256 1
288 288 1
672 224 2
992 192 2
1024 160 2
1056 160 2
1216 192 2
1312 224 2
1344 224 2
1696 352 2
1760 416 2
1824 480 3
1824 512 3
1856 544 2
1888 576 2
2080 256 1
2080 288 1
2112 224 2
2144 192 2
1344 672 0
1312 640 0
1216 608 0
1184 576 0
1152 576 0
1248 1248 2
1216 1248 2
1184 1216 2
1472 1504 0
1440 1504 0
1504 1472 0
1536 1472 0
1568 1472 0
1600 1472 0
1632 1504 0
1664 1504 0
1696 1536 0
3008 1440 0
3040 1440 0
3072 1408 0
2976 1472 0
2944 1472 0
2624 1504 0
2688 1024 2
2752 992 2
2880 960 2
2912 960 2
3008 928 2
3808 1504 0
3840 1504 0
3872 1504 0
3904 1536 0
3936 1536 0
4096 1536 0
4128 1536 0
4288 1504 0
