363 32 32
320 288 2
352 256 2
416 224 2
480 192 2
512 192 2
544 160 2
736 128 2
768 128 2
800 128 2
832 128 2
864 96 2
1056 96 2
704 1920 2
736 1952 2
768 1952 2
896 1920 2
928 1920 2
960 1920 2
992 1920 2
1024 1952 2
1056 1952 2
320 2176 0
352 2208 0
480 2272 0
384 2240 0
416 2240 0
448 2240 0
5280 1216 3
5280 1184 3
1184 128 2
1216 160 2
1248 160 2
1408 160 2
1632 192 2
1728 160 2
1696 160 2
1664 192 2
1920 96 2
1856 128 2
2560 96 2
3168 128 2
3264 160 2
3200 128 2
3232 160 2
3392 160 2
3424 160 2
3456 128 2
3552 96 2
3584 96 2
3840 96 2
3872 96 2
3968 128 2
4000 128 2
4032 160 2
4064 160 2
4288 160 2
4320 160 2
4352 128 2
4384 128 2
4640 96 2
4864 96 2
4896 96 2
4928 96 2
4960 128 2
4992 128 2
5120 160 3
5184 192 3
5216 224 3
5248 256 3
5344 544 3
5344 576 3
5312 672 3
5312 704 3
5312 736 3
5280 768 3
5280 800 3
5280 832 3
4800 448 0
4896 480 0
4960 576 1
4960 608 1
4928 640 1
4928 672 1
4928 768 1
4896 800 1
4896 832 1
5312 1248 3
5344 1376 3
5248 1600 0
5248 1920 3
5216 1984 0
5184 2048 0
5152 2080 0
5120 2112 0
5088 2112 0
5056 2144 0
4928 2208 0
4832 2240 0
4800 2240 0
4768 2240 0
4512 2208 0
4416 2176 0
4384 2176 0
4352 2144 0
4320 2144 0
4000 2144 0
3968 2144 0
3936 2176 0
3808 2208 0
3776 2208 0
3616 2208 0
3584 2176 0
3552 2176 0
3520 2176 0
3424 2144 0
3392 2112 0
3360 2112 0
3104 2144 0
3072 2144 0
2944 2176 0
2912 2176 0
2848 2208 0
2816 2208 0
2464 2272 0
1952 2272 0
1920 2272 0
1888 2272 0
1856 2240 0
1824 2240 0
1568 2272 0
1536 2272 0
1504 2272 0
1120 2272 0
1088 2272 0
992 2240 0
960 2240 0
928 2208 0
896 2208 0
800 2240 0
672 2272 0
640 2272 0
1216 1984 2
1312 2016 2
1344 2048 2
1376 2048 2
1408 2048 2
1440 2048 2
1472 2048 2
1504 2016 2
1536 1952 2
1568 1888 1
1600 1856 1
1600 1824 1
1600 1792 1
1600 1760 1
1984 1792 3
1920 1984 3
1920 2016 3
1952 2048 2
640 1856 3
608 1760 3
576 1600 3
576 1568 3
256 1760 1
256 1728 1
224 1696 1
224 1664 1
224 1632 1
224 1600 1
224 1568 1
256 1536 1
256 1504 1
608 1536 3
608 1504 3
640 1472 3
672 1312 3
672 1280 3
672 1248 3
704 1216 3
704 1184 3
704 1152 3
256 1280 1
256 1248 1
288 1216 1
288 1184 1
704 992 3
704 960 3
672 928 3
672 896 3
288 992 1
288 960 1
256 928 1
640 704 3
640 672 3
640 640 3
672 608 3
256 768 1
256 736 1
256 704 1
256 672 1
224 640 1
224 608 1
224 480 1
256 448 1
256 416 1
768 512 0
832 480 0
1120 448 0
1152 448 0
1184 480 0
1216 480 0
1376 512 0
1440 544 0
2208 448 0
3008 448 1
3008 480 1
2016 512 3
2048 608 3
2048 640 3
3488 384 0
3520 384 0
3552 384 0
3456 416 3
3456 448 3
3488 480 3
3520 512 3
3552 544 3
3584 608 3
3616 704 3
3680 416 0
3712 416 0
3040 704 1
3040 736 1
3072 768 1
3072 800 1
3648 800 3
3616 960 3
3616 992 3
3584 1024 3
3584 1056 3
3072 896 1
3072 928 1
3104 960 1
3104 1056 1
3104 1088 1
3072 1120 2
3040 1120 2
2848 1120 2
2816 1120 2
2784 1120 2
2752 1120 2
2720 1152 2
2688 1152 2
2432 1152 2
2400 1152 2
2368 1152 2
2336 1184 2
2304 1184 2
2272 1184 2
2240 1184 2
2208 1152 2
2176 1152 2
2144 1120 2
2112 1088 2
2080 896 3
2080 864 3
4000 448 0
4032 448 0
4064 448 0
4384 448 0
4416 448 0
4448 416 0
4480 416 0
4768 1024 2
4736 1024 2
4704 1056 2
4672 1056 2
4640 1056 2
4352 1056 2
4320 1056 2
4288 1056 2
4256 1056 2
4224 1024 2
4192 1024 2
3872 1024 2
3808 1056 2
3744 1088 2
3680 1376 0
3648 1376 0
3616 1408 0
3584 1440 3
3584 1472 3
3552 1568 3
3552 1600 3
3616 1728 2
3712 1760 2
3904 1792 2
3936 1792 2
3968 1824 2
4000 1824 2
4224 1792 2
4288 1760 2
4576 1760 2
4608 1760 2
4640 1728 2
4672 1728 2
4704 1728 2
4736 1696 2
4768 1696 2
4800 1696 2
4832 1664 1
4864 1632 1
4864 1600 1
4864 1568 1
4832 1536 1
4800 1504 1
4640 1440 0
4608 1440 0
4576 1408 0
4544 1408 0
4192 1408 0
4160 1408 0
4128 1408 0
4096 1408 0
4064 1440 0
4032 1440 0
2976 1568 0
2944 1568 0
2912 1568 0
2848 1536 0
2816 1536 0
2720 1504 0
2688 1504 0
2656 1472 0
2624 1472 0
2592 1472 0
2272 1504 0
2304 1504 0
3104 1696 1
3040 1728 2
3008 1728 2
2912 1760 2
2880 1760 2
2752 1824 2
2624 1888 2
2560 1952 2
2528 1952 2
2400 1984 2
2304 2016 2
2208 2048 2
2176 2048 2
2144 1536 0
2112 1536 0
1568 1472 1
1568 1440 1
1536 1280 1
1504 1216 1
1536 960 1
1536 928 1
1568 832 1
2688 2240 0
2656 2240 0
2624 2240 0
