515 32 32
480 160 2
704 160 2
800 256 3
832 288 3
864 608 3
832 640 3
832 672 3
800 704 3
256 576 1
256 608 1
288 640 1
288 672 1
320 736 1
320 768 1
736 832 3
736 864 3
704 896 3
704 928 3
736 960 3
736 992 3
352 896 1
352 928 1
352 960 1
352 992 1
320 1024 1
320 1056 1
320 1088 1
800 1120 3
832 1152 3
832 1184 3
800 1216 3
800 1248 3
768 1280 3
768 1312 3
768 1344 3
800 1376 2
832 1376 2
864 1376 2
896 1344 2
928 1344 2
960 1312 2
992 1312 2
1088 1152 1
1120 1120 1
1152 1088 1
1152 1056 1
1184 1024 1
1184 992 1
1216 864 1
1216 832 1
1248 800 1
1280 768 1
1344 672 1
1376 640 1
1376 608 1
1408 576 1
1440 544 1
1440 512 1
1536 416 2
1568 384 2
1600 384 2
1728 352 2
1760 352 2
1792 352 2
1824 320 2
1952 320 2
1984 320 2
2016 288 2
2048 288 2
2176 288 2
2208 288 2
2240 320 2
2272 320 2
2304 320 2
1984 640 0
2080 608 0
2112 608 0
2304 576 0
2464 544 0
2496 544 0
2528 512 0
2560 512 0
2592 512 0
2656 288 2
2688 288 2
2720 256 2
2752 256 2
2784 256 2
2816 224 2
2720 544 0
2752 544 0
2784 544 0
2816 544 0
2848 512 0
2880 512 0
2912 512 0
2944 512 0
2976 480 0
3008 480 0
3040 480 0
3264 224 2
3296 224 2
3328 224 2
3360 192 2
3392 192 2
3424 192 2
3552 512 0
3584 512 0
3616 512 0
3648 512 0
3680 512 0
3776 192 2
3808 192 2
3840 224 2
3872 224 2
3904 224 2
3936 256 2
3968 256 2
4000 256 2
4032 256 2
4064 256 2
3968 544 0
3936 544 0
3904 544 0
3872 544 0
4256 256 2
4288 256 2
4320 224 2
4352 224 2
4352 544 0
4384 544 0
4416 544 0
4512 512 0
4544 512 0
4608 480 0
4640 480 0
4672 448 0
4704 448 0
4544 192 2
4512 192 2
4768 192 2
4800 192 2
4832 224 2
4864 224 2
5312 224 2
5344 224 2
5376 192 2
5408 192 2
5440 192 2
5600 192 2
5632 192 2
5664 224 2
5696 224 2
5088 448 0
5120 448 0
5152 448 0
5184 480 0
5216 480 0
5248 480 0
5280 480 0
5504 512 0
5536 512 0
5632 544 0
5664 544 0
5696 544 0
5728 544 0
5792 256 2
5824 256 2
5856 288 2
5888 288 2
5920 320 2
5952 320 2
6176 352 2
6208 352 2
6240 384 2
6272 384 2
6304 384 2
6336 384 2
6048 576 0
6080 576 0
6112 608 0
6144 608 0
6368 384 2
6400 352 2
6432 352 2
6368 640 0
6336 640 0
6560 320 2
6592 320 2
6592 640 0
6624 608 0
6656 608 0
6688 608 0
6720 608 0
6784 320 2
6816 320 2
6848 288 2
6880 288 2
6976 256 2
7008 256 2
7104 224 2
6944 576 0
6976 576 0
7008 544 0
7040 544 0
7072 544 0
7168 512 0
7200 512 0
7232 480 0
7264 480 0
7296 480 0
7200 192 2
7232 192 2
7264 192 2
7456 192 2
7488 224 2
7520 224 2
7552 224 2
7584 256 2
7616 288 2
7328 512 0
7712 416 3
7712 448 3
7712 480 3
7744 544 3
7360 608 1
7360 640 1
7744 704 3
7712 736 3
7680 768 3
7680 800 3
7648 864 3
7648 896 3
7392 768 1
7392 800 1
7424 832 1
7424 864 1
7424 896 1
7424 928 1
7616 1120 3
7616 1152 3
7616 1184 3
7648 1216 3
7648 1248 3
7648 1280 3
7392 1184 1
7392 1216 1
7392 1248 1
7392 1280 1
7360 1312 1
7328 1344 1
7296 1376 2
7264 1408 2
7232 1408 2
7200 1408 2
7168 1408 2
7136 1376 2
7616 1472 3
7616 1504 3
7584 1536 0
7552 1568 0
7488 1632 0
7456 1632 0
7424 1632 0
7392 1664 0
7296 1696 0
7264 1696 0
7104 1696 0
7072 1696 0
7040 1664 0
7008 1664 0
6976 1664 0
6944 1664 0
6976 1376 2
6944 1376 2
6912 1344 2
6880 1344 2
6848 1344 2
6912 1632 0
6880 1632 0
6848 1632 0
6816 1632 0
6784 1632 0
6528 1344 2
6496 1344 2
6464 1376 2
6432 1376 2
6464 1664 0
6432 1664 0
6304 1664 0
6272 1664 0
6208 1376 2
6176 1376 2
6240 1696 0
6208 1696 0
6176 1696 0
6144 1408 2
6112 1408 2
5984 1408 2
5952 1408 2
5920 1376 2
5888 1376 2
5920 1696 0
5792 1344 2
5760 1344 2
5728 1344 2
5696 1344 2
5824 1664 0
5792 1664 0
5760 1632 0
5728 1632 0
5568 1600 0
5536 1600 0
5504 1568 0
5472 1568 0
5568 1312 2
5536 1312 2
5504 1312 2
5472 1312 2
5440 1312 2
5312 1536 0
5280 1536 0
5248 1536 0
5216 1536 0
5184 1536 0
5152 1568 0
5120 1568 0
5088 1568 0
5088 1312 2
5056 1312 2
5024 1312 2
4992 1344 2
4960 1344 2
4928 1344 2
4928 1600 0
4896 1600 0
4800 1632 0
4768 1632 0
4736 1632 0
4608 1376 2
4576 1376 2
4544 1376 2
4640 1664 0
4608 1664 0
4512 1408 2
4480 1408 2
4448 1408 2
4480 1696 0
4448 1696 0
4416 1696 0
4384 1696 0
4352 1696 0
4256 1408 2
4224 1408 2
4192 1376 2
4160 1376 2
4128 1376 2
4256 1664 0
4224 1664 0
4064 1632 0
4032 1600 0
4000 1600 0
3968 1600 0
4000 1344 2
3936 1568 0
3904 1568 0
3872 1568 0
3840 1568 0
3872 1344 2
3840 1344 2
3808 1312 2
3776 1312 2
3744 1312 2
3616 1312 2
3584 1312 2
3552 1280 2
3520 1280 2
3360 1280 2
3328 1312 2
3296 1312 2
3264 1312 2
3232 1312 2
3200 1344 2
3168 1344 2
3424 1568 0
3392 1568 0
3360 1568 0
3328 1600 0
3296 1600 0
3168 1632 0
3136 1632 0
2912 1664 0
2656 1568 1
2688 1536 1
2816 1440 2
2848 1440 2
2880 1408 1
2880 1376 1
2912 1344 1
2912 1312 1
2912 1280 1
2912 1248 1
2912 1216 1
2880 1184 0
2848 1152 0
3168 1184 3
3168 1152 3
3168 1120 3
3136 1088 3
3136 1056 3
3104 1024 2
3040 992 2
2912 928 2
2880 928 2
2848 896 2
2816 896 2
2656 832 2
2624 832 2
2496 1088 0
2464 1088 0
2432 1088 0
2400 1120 0
2208 928 2
2176 928 2
2144 960 2
2112 960 2
2080 992 2
2048 1024 2
1824 1152 1
1824 1184 1
1792 1216 1
1760 1248 1
1760 1280 1
1728 1312 1
1728 1344 1
1728 1472 1
1760 1504 1
1792 1536 1
2144 1248 3
2112 1280 3
2080 1312 3
2080 1344 3
2080 1376 3
2080 1408 3
2080 1440 3
2112 1472 3
2112 1504 3
2144 1536 2
2176 1536 2
2208 1568 2
2240 1568 2
2272 1568 2
2304 1536 2
2432 1536 2
2464 1568 3
2496 1600 3
2496 1632 3
2496 1664 3
2432 1696 0
2400 1728 0
2304 1760 0
2272 1760 0
2240 1760 0
2208 1760 0
2112 1760 0
2080 1760 0
1984 1696 0
1952 1664 0
1920 1664 0
1888 1632 0
1760 704 0
1728 736 0
1632 832 3
1600 928 3
1600 896 3
1600 864 3
1568 960 3
1568 992 3
1504 1120 3
1504 1152 3
1472 1184 3
1472 1216 3
1472 1248 3
1440 1376 3
1440 1408 3
1408 1440 3
1408 1472 3
1376 1504 3
1376 1536 3
1344 1568 0
1248 1600 0
1216 1600 0
1184 1600 0
1152 1632 0
1120 1632 0
1088 1664 0
1056 1664 0
1024 1696 0
960 1728 0
928 1728 0
864 1760 0
832 1760 0
672 1760 0
608 1728 0
480 1696 0
448 1664 0
416 1632 0
384 1632 0
352 1600 1
352 1568 1
352 1536 1
320 1440 1
320 1408 1
288 1376 1
288 1344 1
