75 32 32
1184 192 2
1152 192 2
1120 192 2
1088 192 2
1056 160 2
1024 160 2
992 128 2
960 128 2
928 128 2
896 128 2
864 128 2
832 160 2
800 160 2
768 192 2
736 192 2
704 224 2
672 224 2
640 256 2
608 256 2
576 288 2
544 288 2
512 288 2
480 288 2
448 256 2
416 224 2
384 224 2
352 224 2
320 256 1
288 288 1
288 320 1
288 352 1
320 384 1
320 416 1
320 448 1
352 480 0
384 480 0
416 480 0
448 512 0
480 512 0
512 512 0
544 512 0
576 512 0
608 512 0
640 512 0
672 512 0
704 512 0
736 480 0
768 448 0
800 416 0
832 416 0
864 416 0
896 416 0
928 416 0
1248 480 0
1216 512 0
1184 544 0
1152 544 0
1120 544 0
1088 544 0
1056 544 0
1024 512 0
992 480 0
960 448 0
3200 1088 3
3168 1120 3
3168 1152 3
3200 1184 3
5728 1056 1
5728 1088 1
5728 1120 1
5728 1152 1
5696 1184 1
5696 1216 1
5696 1024 0
5664 992 0
