159 32 32
256 224 1
288 256 1
288 288 1
640 192 3
992 192 2
1024 160 2
1056 160 2
1216 192 2
1312 224 2
1344 224 2
1696 352 3
1760 416 3
1824 480 3
1824 512 3
1856 544 3
1856 576 3
1856 608 3
1856 640 3
1856 672 3
1888 704 2
1920 704 2
1952 544 1
1984 512 1
2080 256 1
2080 288 1
2112 224 1
2592 96 2
2816 96 2
3136 128 2
3104 128 2
3456 128 2
3488 128 2
3520 96 2
3552 96 2
4224 128 2
4256 128 2
4544 544 3
4544 576 3
4544 608 3
4512 640 3
4512 672 3
4512 768 3
4512 800 3
4544 832 3
4544 1088 3
4512 1120 3
4512 1152 3
4480 1280 3
4448 1376 3
4416 1408 3
4416 1440 3
4384 1472 0
4288 1504 0
4128 1536 0
4096 1536 0
3936 1536 0
3904 1536 0
3872 1504 0
3840 1504 0
3808 1504 0
3808 1632 2
3840 1632 2
3872 1664 2
3904 1664 2
4384 1664 2
4416 1664 2
4448 1696 2
4352 2016 0
4320 2048 0
4288 2048 0
4224 2080 0
4192 2080 0
4128 2112 0
3968 2112 0
3936 2112 0
3904 2080 0
3872 2080 0
3744 2048 0
3712 2048 0
3552 2048 0
3520 2048 0
3488 2080 0
3328 2112 0
3296 2080 0
3264 2080 0
3232 2080 0
3200 2080 0
2976 1856 1
2976 1824 1
3008 1792 1
3008 1760 1
3040 1728 1
3072 1408 0
3040 1440 0
3008 1440 0
2976 1472 0
2944 1472 0
2624 1504 0
2016 2016 0
1984 2016 0
1888 2048 0
1856 2048 0
1728 2080 0
1696 2080 0
1536 2112 0
1504 2112 0
480 2080 0
416 2048 0
384 2048 0
352 2016 0
320 2016 0
288 1984 0
256 960 1
256 640 1
256 608 1
928 1824 2
544 1760 2
512 1760 2
480 1728 3
480 1568 3
992 1472 0
1024 1472 0
1056 1504 0
1088 1504 0
1440 1504 0
1472 1504 0
1504 1472 0
1536 1472 0
1568 1472 0
1600 1472 0
1632 1504 0
1664 1504 0
1696 1536 1
1184 1216 2
1216 1248 2
1248 1248 2
704 1088 3
704 1056 3
672 1024 3
640 896 3
1152 576 0
1184 576 0
1216 608 0
1312 640 0
1344 672 0
2560 512 0
2528 544 0
2496 544 0
2464 544 0
2432 544 0
2400 576 0
2368 576 0
2336 608 0
4096 640 1
3008 928 2
2912 960 2
2880 960 2
2752 992 2
2688 1024 2
