461 32 32
352 3712 0
512 3808 0
480 3776 0
448 3776 0
416 3776 0
384 3744 0
800 3744 0
768 3744 0
736 3776 0
704 3808 0
960 3552 3
960 3520 3
928 3616 3
928 3584 3
896 3648 0
288 3456 1
288 3488 1
256 3424 1
256 3392 1
256 3328 1
288 3200 1
288 3232 1
288 3264 1
288 3296 1
288 3072 1
288 3040 1
288 3008 1
256 2976 1
256 2880 1
256 2848 1
288 2816 1
288 2784 1
320 2656 1
352 2592 1
384 2528 1
384 2560 1
416 2496 2
448 2464 2
480 2464 2
672 2464 2
640 2464 2
608 2464 2
800 2496 2
768 2496 2
736 2496 2
704 2496 2
928 2912 3
928 2880 3
960 2816 3
960 2784 3
1056 2752 1
1056 2720 1
1088 2880 1
1120 2912 1
1120 2944 1
1152 3040 1
1184 2560 3
1152 2528 3
1152 2496 3
1216 2592 2
1248 2592 2
1280 2592 2
1312 2624 2
1408 2656 2
1440 2624 2
1472 2624 2
1504 2592 1
1536 2560 1
1440 2464 0
1216 2464 0
1184 2464 0
1216 3200 0
1248 3232 0
1312 3360 0
1344 3360 0
1376 3392 0
1536 3488 0
1568 3520 0
1696 3616 0
1728 3648 0
1760 3648 0
1888 3712 0
1984 3744 0
2016 3744 0
2816 3776 0
2784 3776 0
2848 3744 0
2880 3744 0
2912 3744 0
2944 3648 0
2976 3648 0
3008 3648 0
3040 3680 1
3040 3712 1
3040 3744 1
3040 3776 1
3040 3808 0
3072 3808 0
3296 3808 0
3328 3808 0
3360 3840 0
3392 3840 0
3520 3872 0
4128 3872 0
4224 3840 0
4352 3808 0
4320 3808 0
4448 3776 0
4480 3744 0
4512 3744 0
4544 3744 0
4576 3744 0
4608 3712 0
4704 3680 0
4736 3648 0
4800 3552 3
4768 3616 3
4768 3168 3
4768 3200 3
4768 3232 3
4800 3328 3
4800 3264 3
4800 3296 3
4768 2880 3
4768 2848 3
4800 2816 3
4800 2784 3
4800 2688 3
4768 2656 3
4768 2624 3
4800 2528 3
4800 2496 3
4800 2464 3
4800 2240 3
4800 2272 3
4832 2208 3
4832 2176 3
4832 2144 3
4832 2112 3
4832 1920 3
4800 1888 3
4800 1856 3
4800 1824 3
4800 1632 3
4800 1664 3
4768 1600 3
4768 1568 3
4768 1472 3
4800 1440 3
4800 1408 3
4800 1216 3
4832 1184 3
4832 1152 3
4832 992 3
4800 896 3
4800 864 3
4832 832 3
4832 608 3
4800 544 3
4800 576 3
4768 448 3
4736 416 3
4736 384 3
4704 320 2
4672 288 2
4640 288 2
4608 256 2
4512 224 2
4480 224 2
4352 192 2
4320 192 2
4032 160 2
3872 160 2
3552 192 2
3520 192 2
3232 192 2
3008 160 2
2976 160 2
2880 128 2
2624 96 2
2560 128 2
2464 128 2
2400 96 2
2240 128 2
2208 128 2
2176 160 2
2080 128 2
1664 192 1
1664 224 1
1632 320 1
1600 448 1
1600 480 1
1568 640 1
1536 736 2
1504 736 2
1472 736 2
1472 640 3
1376 192 2
1344 160 2
1312 160 2
1280 128 2
1088 128 2
1056 128 2
1024 128 2
992 160 2
960 160 2
768 160 2
672 192 2
640 192 2
576 224 2
480 256 2
416 288 2
384 320 2
352 320 2
320 736 0
352 768 0
384 768 0
416 800 0
640 832 0
672 832 0
832 832 0
864 800 0
896 800 0
928 800 0
960 800 0
992 768 0
1024 768 0
1216 768 0
1280 768 0
1248 768 0
1344 928 0
1376 960 0
1504 1024 0
1728 1024 0
2080 992 0
2112 992 0
2144 960 0
2176 960 0
2720 1056 1
2752 1088 1
2752 1120 1
2784 1152 0
2816 1184 0
3168 1184 0
3456 1152 0
3520 1120 0
3648 1056 3
3712 928 3
3712 896 3
3680 864 2
3616 832 2
3392 832 2
3168 864 2
2848 832 3
2848 800 3
2816 704 3
2784 672 3
2752 608 2
2720 608 2
2688 576 2
2656 576 2
2624 576 2
2592 544 2
2560 544 2
2304 512 2
2272 512 2
2112 512 3
2112 416 3
2240 416 0
2304 416 0
2272 416 0
3488 672 0
3520 704 0
3776 704 0
3808 672 0
3904 672 0
3936 672 0
3968 640 0
4000 640 0
4160 672 0
4192 704 0
4224 736 1
4224 768 1
4192 800 1
4192 832 1
4192 992 1
4224 1024 1
4224 1056 1
4224 1088 1
4224 1248 1
4224 1216 1
4192 1280 1
4064 1312 2
4032 1312 2
4000 1344 2
3968 1344 2
3936 1344 2
3904 1344 2
3872 1344 2
4320 2048 1
4320 2080 1
4288 2112 1
4288 2016 1
4224 2144 2
4192 2144 2
4160 2176 2
4128 2240 2
4064 2272 2
4032 2272 2
4000 2304 2
3968 2304 2
3936 2240 2
3904 2176 2
3840 2144 2
3808 2144 2
3776 2144 2
3872 2176 2
3680 2048 0
3904 2016 0
3936 2016 0
3968 2016 0
4064 2752 1
4032 2784 1
4000 2816 1
3968 2848 1
3808 2848 3
3776 2752 3
3744 2720 3
3840 3584 2
3808 3616 2
3776 3648 2
3744 3648 2
3712 3616 3
3712 3584 3
3680 3552 3
3840 3456 0
3808 3456 0
3680 3456 0
2144 3520 2
2112 3520 2
2080 3488 2
2048 3456 2
2016 3424 2
2336 3456 0
2272 3392 0
2240 3360 0
2112 3232 0
2080 3200 0
2048 3200 0
1888 3328 2
1856 3296 2
1824 3296 2
2272 2624 1
2272 2656 1
2240 2688 1
2144 2688 3
2112 2656 3
2112 2624 3
2144 2592 0
2176 2592 0
3168 2880 0
2816 2880 0
2752 2912 3
2752 3008 3
2784 3072 3
2816 3136 3
2816 3168 3
2816 3200 3
2848 3232 2
3136 3232 2
3168 3232 2
3264 3200 1
3296 3168 1
3328 3136 1
3328 3104 1
3360 3072 1
3360 3040 1
3360 3008 1
3296 2912 0
3072 1728 0
3136 1760 0
2848 1728 0
2816 1728 0
2752 1792 0
2784 1888 2
2816 1920 2
2848 1920 2
2880 1920 2
3136 1920 1
3104 1952 1
3104 1984 1
3072 2016 2
3040 2016 2
3008 2016 2
3392 1376 2
3360 1376 2
3232 1408 2
3200 1408 2
3168 1440 2
3136 1440 2
3104 1440 2
2432 1440 2
2400 1440 2
2368 1440 2
2336 1440 2
2304 1408 2
2272 1408 2
2240 1408 2
1984 1376 2
1952 1376 2
1664 1344 2
1632 1344 2
1216 1344 2
1184 1344 2
1152 1376 2
1120 1376 2
928 1376 2
896 1408 2
864 1408 2
832 1408 2
768 1440 1
736 1472 1
736 1504 1
704 1568 1
704 1600 1
1376 1632 1
1376 1664 1
1344 1696 1
1312 1728 1
1152 1632 0
1120 1632 0
1120 1728 2
1152 1760 2
1184 1760 2
704 1760 1
736 1792 1
736 1824 1
736 1856 1
736 2016 1
768 2048 1
768 2080 1
768 2112 1
800 2144 1
800 2176 1
832 2240 1
896 2336 1
928 2400 1
2176 1920 0
1888 1952 0
1856 1984 0
1824 2016 0
2208 2112 2
2176 2112 2
2144 2144 2
2112 2144 2
2080 2176 2
1984 2176 2
1920 2144 2
1888 2144 2
1856 2112 2
1824 2112 2
