440 32 32
1184 4000 1
1184 3968 1
1344 3968 3
1344 3936 3
1344 3904 3
1408 4000 3
1440 4032 3
1472 4064 3
1472 4096 3
1472 4128 3
1440 4256 0
2592 4000 2
2560 4000 2
2624 4032 3
2336 4000 2
2304 4032 2
2272 4032 2
2240 4032 2
2368 3968 1
2368 3936 1
2528 3968 3
2528 3936 3
2528 3808 3
2496 3776 3
2496 3744 3
832 256 2
672 288 2
544 320 2
480 352 2
384 512 1
352 544 1
320 576 1
288 704 1
320 896 1
832 640 0
800 640 0
768 672 3
736 704 3
736 832 3
800 960 3
1120 640 0
832 1024 3
1024 1056 2
1056 1056 2
1088 1024 2
320 1120 1
320 1280 1
352 1408 1
384 1440 1
384 1472 1
416 1536 1
448 1600 0
1024 1504 0
1120 1472 0
1152 1440 0
1184 1440 0
640 1696 3
448 1728 2
352 1952 1
288 2048 1
256 2080 1
224 2272 1
1184 2048 0
896 2080 0
544 2176 0
512 2208 3
512 2304 3
544 2368 3
640 2400 1
704 2304 2
768 2272 2
800 2272 2
960 2272 2
992 2272 2
1024 2240 2
256 2464 1
288 2784 1
1056 2688 0
1024 2688 0
800 2720 0
768 2880 2
800 2880 2
832 2912 2
864 2912 2
1184 2912 2
1216 2912 2
1248 2880 2
1280 2880 2
256 2880 1
256 2912 1
224 2944 1
224 2976 1
256 3008 1
320 3136 0
352 3168 0
384 3200 0
416 3232 0
544 3296 0
864 3328 0
896 3328 0
1088 3328 0
1248 3296 0
1760 3264 0
2112 3296 1
1984 2880 2
2176 2848 2
2560 2816 2
2592 2816 2
2624 2816 2
2656 2816 2
2976 2816 2
3072 2848 2
2496 3264 0
2528 3232 0
2912 3200 0
2944 3200 0
2976 3232 0
3008 3232 0
3232 3232 0
3456 3200 0
3424 3200 0
3584 3168 0
3904 3072 0
3936 3040 0
3968 3008 0
4000 2976 3
3936 2784 3
3904 2752 3
3904 2720 3
3680 2752 2
3712 2752 2
3552 2784 2
3520 2464 2
3296 2528 2
3232 2560 1
3200 2624 1
3168 2720 1
3936 2272 3
3872 2176 3
3840 2144 3
3840 2048 3
3648 2048 1
3680 2080 1
3680 2112 1
3680 2144 1
3648 2176 1
3648 2208 1
3648 2240 1
3648 1888 1
3904 1888 3
3936 1856 3
3904 1664 3
3904 1632 3
3904 1440 3
3936 1408 3
3648 1440 1
3520 1312 0
3936 1120 3
3872 1024 2
3840 1024 2
3808 992 2
3776 960 2
3744 928 2
3712 896 2
3328 928 2
2880 928 2
2368 896 2
3104 1312 0
2848 1376 0
2560 1376 0
1920 1344 0
1888 1312 0
1920 928 2
1472 960 2
1376 992 2
1696 1312 0
1664 1344 0
1472 1376 0
3264 1472 2
2944 1504 2
2400 1504 2
2304 1504 2
2208 1536 2
1600 1568 2
1408 1632 2
3456 1760 0
3424 1792 0
3392 1792 0
3360 1824 0
3328 1856 0
3360 1952 2
2976 2048 0
2752 2016 0
2656 1984 0
2368 1952 0
3008 2208 2
2976 2208 2
2944 2208 2
2912 2208 2
2720 2240 2
2528 2240 2
2304 2208 2
2112 2176 2
1568 2208 2
1376 2208 2
1344 2208 2
1312 2208 2
1440 2016 0
1472 1984 0
1600 1952 0
1664 1920 0
3104 2464 0
3008 2528 0
2976 2560 0
2688 2656 0
2656 2656 0
2400 2656 0
2368 2656 0
2048 2624 0
1760 2624 0
1504 2656 0
1472 2656 0
1472 160 2
1664 128 2
2016 96 2
2240 128 2
2464 160 2
2496 192 2
2592 288 2
2688 352 2
2784 352 1
2784 320 1
2816 288 1
2816 256 1
2944 160 2
3200 128 2
3424 160 2
3872 160 2
4192 128 2
4480 96 2
4576 160 3
4576 192 3
4608 224 3
4640 256 3
4672 288 3
4768 416 3
1472 640 0
1856 576 0
2240 576 0
2496 608 0
3040 576 0
3328 576 0
3712 544 0
3968 512 0
4512 832 1
4544 864 1
4352 544 0
4800 1184 3
4800 1216 3
4768 1248 0
4736 1280 0
4608 1312 0
4576 1312 0
4544 1344 3
4608 1440 2
4160 1504 0
4192 1536 0
4352 1600 0
4384 1600 0
4864 1888 3
4384 1920 2
4352 1952 2
4320 1952 2
4288 1984 2
4224 2080 1
4192 2112 1
4640 2208 2
4672 2240 2
4704 2272 2
4736 2272 2
4768 2304 2
4544 2464 1
4576 2496 1
4576 2528 1
4576 2560 1
4544 2592 1
4512 2624 1
4288 2784 1
4256 2816 1
4224 2848 1
4224 2880 1
4640 2848 0
4576 2944 3
4288 3072 0
4320 3104 0
4352 3136 0
4384 3136 0
4832 3232 3
4544 3712 2
4384 3712 2
4256 3680 2
4128 3648 2
4576 4064 0
4320 4128 0
4288 4160 0
4256 4160 0
4224 4192 0
4192 4192 0
3776 4160 0
3456 4128 0
3712 3584 2
3488 3552 2
3200 3584 2
3168 3584 2
3040 3616 2
2880 3904 1
2848 3936 1
2848 4128 1
3232 4192 3
3232 4224 3
2848 4320 1
2816 4544 1
3232 4704 3
3232 4992 3
3232 5024 3
3232 5056 3
3232 5088 3
3232 5120 3
3200 5152 3
3200 5184 3
2624 5280 1
3360 5376 1
3360 5408 1
3328 5440 2
3296 5440 2
3264 5440 2
3232 5408 2
3200 5408 2
2592 5472 1
2592 5504 1
2560 5536 1
2528 5568 1
2528 5600 1
2784 5728 0
2912 5760 0
3456 5760 0
3488 5760 0
3520 5760 0
3552 5760 0
3584 5760 0
3968 5696 0
4000 5664 3
4000 5632 3
3968 5600 3
3968 5568 3
3872 5344 3
3840 5248 3
3808 5216 3
3776 5184 3
3776 5024 0
3808 4992 0
4224 4896 0
4320 5056 1
4320 5088 1
4288 5120 1
4256 5152 1
4800 5088 3
4768 5184 3
4352 5568 0
4384 5600 0
4768 4608 3
4736 4576 2
4704 4544 2
4608 4512 2
4096 4384 2
3584 4416 2
3552 4416 2
3520 4448 2
3488 4448 2
3456 4576 1
1984 3520 2
1472 3520 2
1440 3520 2
1408 3552 2
1376 3552 2
1344 3584 2
1312 3584 2
1184 3680 1
1088 4032 2
1056 4064 1
1024 4096 1
928 4480 0
1024 4512 0
1056 4512 0
1280 4672 1
1088 4704 2
1056 4704 2
1600 4704 3
1824 4576 0
2016 4576 0
2208 4576 0
2432 4544 0
2528 4512 0
2560 4480 3
2592 4416 3
2656 4288 3
2688 4256 3
2688 4224 3
2656 4192 3
2176 4768 2
2208 4768 2
2240 4800 2
2272 4800 2
2304 4832 2
2368 5184 3
2368 5216 3
2336 5312 3
1920 5248 0
1792 5216 0
1760 5216 0
1440 5408 2
1408 5408 2
1376 5376 2
1120 5376 2
1088 5408 2
1056 5408 2
704 5728 0
800 5696 0
832 5696 0
896 5664 0
864 5664 0
928 5664 0
1088 5696 0
1120 5696 0
1152 5696 0
1664 5760 0
1632 5760 0
1856 5760 0
1888 5760 0
2112 5696 0
