331 32 32
576 32 3
608 64 3
608 96 3
576 128 3
288 256 1
288 288 1
320 320 1
320 352 1
320 608 0
608 480 3
640 608 3
640 576 3
640 544 3
608 512 3
672 736 2
800 800 2
704 768 2
736 768 2
768 800 2
928 544 2
896 608 2
864 640 2
832 672 2
352 832 1
384 864 1
384 896 1
416 928 1
416 960 1
640 1088 0
608 1088 0
576 1088 0
544 1056 0
512 1056 0
480 1024 0
448 992 0
928 1152 0
896 1120 0
864 1120 0
832 1120 0
1056 1152 0
1088 1120 0
1120 1120 0
1152 1120 0
1184 1088 0
1216 1056 0
1248 1056 0
1280 992 0
1312 896 0
960 448 1
960 416 1
960 384 1
992 352 2
1056 256 2
1152 224 2
1248 192 2
1280 192 2
1312 192 2
1344 160 2
1376 160 2
1504 128 2
1792 128 2
1824 128 2
1920 160 2
1888 160 2
1856 160 2
1344 672 3
1344 704 3
1376 544 0
1408 544 0
1440 704 1
1728 576 0
1760 544 0
1792 544 0
1824 512 0
1856 512 0
2016 480 0
1920 736 2
1728 672 2
1760 672 2
1792 672 2
1824 704 2
1856 704 2
1888 736 2
2144 736 2
2112 736 2
1536 928 1
1568 960 1
1568 992 1
1600 1024 0
1632 1024 0
1728 1088 0
1824 1120 0
1952 1152 0
2080 1152 0
2112 1120 0
2144 1120 0
2176 1120 0
2272 1088 0
2304 1088 0
2336 1056 0
2368 1056 0
2400 1056 0
2592 1088 0
2624 1088 0
3008 1120 0
3040 1120 0
3232 1120 0
3200 1120 0
3296 1088 0
3264 1088 0
3328 1056 0
3360 1056 0
2496 768 2
2464 768 2
2592 736 2
2560 736 2
2528 736 2
2944 768 2
2912 768 2
2880 768 2
2976 800 2
3008 800 2
3232 768 2
3264 736 2
3296 736 2
3520 1056 0
3552 1024 0
3584 992 0
3712 928 0
3744 896 0
3776 864 0
3808 832 0
3840 832 0
3872 800 0
3424 704 1
3456 672 1
3488 640 1
3488 608 1
3520 576 1
3584 480 1
3616 448 1
3648 416 1
3648 384 1
3936 736 3
3936 704 3
3968 672 3
3968 640 3
3968 608 3
4000 416 0
4032 384 0
4064 384 0
4096 384 0
4128 544 1
4128 576 1
4160 608 1
3680 288 2
3712 256 2
3744 224 2
3776 192 2
3840 160 2
3872 160 2
4096 128 2
4128 128 2
4224 96 2
4256 96 2
4384 96 2
4512 128 2
4480 128 2
4608 160 2
4576 160 2
4480 320 0
4448 320 0
4416 320 0
4512 352 0
4416 448 3
4384 416 3
4384 384 3
4384 352 3
4576 384 0
4608 416 0
4704 448 0
4832 448 0
4864 448 0
4896 480 0
4928 480 0
5056 480 0
5088 448 0
5120 448 0
5152 448 0
5184 480 0
5216 480 0
4992 160 2
5152 160 2
5376 160 2
5408 160 2
5536 128 2
5568 128 2
5728 128 2
5760 160 2
5792 160 2
5408 512 0
5440 512 0
5472 544 0
5504 544 0
5728 576 0
5760 576 0
5920 576 0
6112 512 0
6080 512 0
6048 544 0
6016 544 0
6176 480 0
6240 416 0
6272 416 0
6304 384 3
6336 320 3
6336 256 3
6304 224 3
6272 192 2
6240 192 2
6208 160 2
6176 160 2
6144 160 2
4448 544 3
4448 576 3
4480 608 3
4512 640 3
4512 672 3
4544 736 3
4576 768 3
4576 800 3
4224 800 1
4224 832 1
4256 896 0
4288 928 0
4320 992 0
4352 992 0
4384 1024 0
4416 1056 0
4480 1088 0
4512 1088 0
4800 1120 0
4832 1120 0
4608 832 2
4640 832 2
4800 832 2
4832 832 2
4864 864 2
4896 864 2
5024 864 2
5056 896 2
5088 896 2
5120 896 2
4992 1152 0
5248 1152 0
5280 1120 0
5312 1120 0
5344 1120 0
5504 1152 0
5280 864 2
5568 864 2
5536 864 2
5504 864 2
5600 896 2
5632 896 2
5664 896 2
5888 864 2
6208 832 2
5952 1120 0
5920 1120 0
5888 1120 0
6240 1088 0
6208 1088 0
6304 1056 0
6272 1056 0
6368 1024 0
6336 1024 0
6624 1024 0
6656 992 0
6688 992 0
6720 928 3
6752 864 3
6752 832 3
6784 768 3
6240 800 2
6432 768 1
6464 736 1
6496 704 1
6496 672 1
6496 640 1
6464 512 1
6464 480 1
6432 352 1
6432 320 1
6784 416 3
6784 448 3
6784 480 3
6784 512 3
6752 384 3
6752 352 3
6752 256 3
6752 128 3
6432 192 1
6720 224 3
6720 192 3
6720 160 3
2272 128 2
2592 128 2
2560 128 2
2528 128 2
2496 128 2
2464 128 2
2624 160 2
2656 160 2
2848 160 2
2816 160 2
2304 448 0
2272 448 0
2400 416 0
2368 416 0
2336 416 0
2560 448 0
2592 448 0
2880 416 0
2848 416 0
2976 384 0
3008 352 3
3008 256 3
2944 224 2
2912 224 2
2880 192 2
