19 32 32
4160 1504 29
7
4128 1504 33
4096 1504 33
4064 1504 33
4032 1504 33
4000 1504 33
3968 1504 33
3936 1504 33
4160 1440 29
32
4128 1440 33
4096 1440 33
4064 1440 33
4032 1440 33
4000 1440 33
3968 1440 33
3936 1440 33
3904 1440 33
3904 1504 33
3872 1504 33
3840 1504 33
3808 1504 33
3872 1440 33
3840 1440 33
3808 1440 33
3776 1440 33
3744 1440 33
3712 1440 33
3680 1440 33
3648 1440 33
3616 1440 33
3584 1440 33
3552 1440 33
3520 1440 33
3488 1440 33
3456 1440 33
3424 1440 33
3392 1440 33
3360 1440 33
3328 1440 33
3296 1440 33
3264 1440 33
3008 1440 29
25
3040 1440 33
3008 1440 33
2976 1440 33
2944 1440 33
2912 1440 33
2880 1440 33
2848 1440 33
2816 1440 33
2784 1440 33
2752 1440 33
2720 1440 33
2688 1440 33
2656 1440 33
2624 1440 33
2592 1440 33
2560 1440 33
2528 1440 33
2496 1440 33
2464 1440 33
2624 1504 33
2592 1504 33
2560 1504 33
2528 1504 33
2496 1504 33
2464 1504 33
4160 1344 29
109
4128 1376 33
4096 1376 33
4064 1376 33
4032 1376 33
4000 1376 33
3968 1376 33
3936 1376 33
3904 1376 33
3872 1376 33
3840 1376 33
3808 1376 33
3776 1376 33
3744 1376 33
3712 1376 33
3680 1376 33
3648 1376 33
3616 1376 33
3584 1376 33
3552 1376 33
3520 1376 33
3488 1376 33
3456 1376 33
3424 1376 33
3392 1376 33
3360 1376 33
3328 1376 33
3296 1376 33
3264 1376 33
3232 1376 33
3200 1376 33
3168 1376 33
3136 1376 33
3104 1376 33
3072 1376 33
3040 1376 33
3008 1376 33
2976 1376 33
2944 1376 33
2912 1376 33
2880 1376 33
2848 1376 33
2816 1376 33
2784 1376 33
2752 1376 33
2720 1376 33
2688 1376 33
2656 1376 33
2624 1376 33
2592 1376 33
2560 1376 33
2528 1376 33
2496 1376 33
2464 1376 33
4128 1312 33
4096 1312 33
4064 1312 33
4032 1312 33
4000 1312 33
3968 1312 33
3936 1312 33
3904 1312 33
3872 1312 33
3840 1312 33
3808 1312 33
3776 1312 33
3744 1312 33
3712 1312 33
3680 1312 33
3648 1312 33
3616 1312 33
3584 1312 33
3552 1312 33
3520 1312 33
3488 1312 33
3456 1312 33
3424 1312 33
3392 1312 33
3360 1312 33
3328 1312 33
3296 1312 33
3264 1312 33
3232 1312 33
3200 1312 33
3168 1312 33
3136 1312 33
3104 1312 33
3072 1312 33
3040 1312 33
3008 1312 33
2976 1312 33
2944 1312 33
2912 1312 33
2880 1312 33
2848 1312 33
2816 1312 33
2784 1312 33
2752 1312 33
2720 1312 33
2688 1312 33
2656 1312 33
2624 1312 33
2592 1312 33
2560 1312 33
2528 1312 33
2496 1312 33
2464 1312 33
3232 1440 33
3200 1440 33
3168 1440 33
4160 1248 29
53
4128 1248 33
4096 1248 33
4064 1248 33
4032 1248 33
4000 1248 33
3968 1248 33
3936 1248 33
3904 1248 33
3872 1248 33
3840 1248 33
3808 1248 33
3776 1248 33
3744 1248 33
3712 1248 33
3680 1248 33
3648 1248 33
3616 1248 33
3584 1248 33
3552 1248 33
3520 1248 33
3488 1248 33
3456 1248 33
3424 1248 33
3392 1248 33
3360 1248 33
3328 1248 33
3296 1248 33
3264 1248 33
3232 1248 33
3200 1248 33
3168 1248 33
3136 1248 33
3104 1248 33
3072 1248 33
3040 1248 33
3008 1248 33
2976 1248 33
2944 1248 33
2912 1248 33
2880 1248 33
2848 1248 33
2816 1248 33
2784 1248 33
2752 1248 33
2720 1248 33
2688 1248 33
2656 1248 33
2624 1248 33
2592 1248 33
2560 1248 33
2528 1248 33
2496 1248 33
2464 1248 33
4160 1152 29
106
4128 1184 33
4096 1184 33
4064 1184 33
4032 1184 33
4000 1184 33
3968 1184 33
3936 1184 33
3904 1184 33
3872 1184 33
3840 1184 33
3808 1184 33
3776 1184 33
3744 1184 33
3712 1184 33
3680 1184 33
3648 1184 33
3616 1184 33
3584 1184 33
3552 1184 33
3520 1184 33
3488 1184 33
3456 1184 33
3424 1184 33
3392 1184 33
3360 1184 33
3328 1184 33
3296 1184 33
3264 1184 33
3232 1184 33
3200 1184 33
3168 1184 33
3136 1184 33
3104 1184 33
3072 1184 33
3040 1184 33
3008 1184 33
2976 1184 33
2944 1184 33
2912 1184 33
2880 1184 33
2848 1184 33
2816 1184 33
2784 1184 33
2752 1184 33
2720 1184 33
2688 1184 33
2656 1184 33
2624 1184 33
2592 1184 33
2560 1184 33
2528 1184 33
2496 1184 33
2464 1184 33
4128 1120 33
4096 1120 33
4064 1120 33
4032 1120 33
4000 1120 33
3968 1120 33
3936 1120 33
3904 1120 33
3872 1120 33
3840 1120 33
3808 1120 33
3776 1120 33
3744 1120 33
3712 1120 33
3680 1120 33
3648 1120 33
3616 1120 33
3584 1120 33
3552 1120 33
3520 1120 33
3488 1120 33
3456 1120 33
3424 1120 33
3392 1120 33
3360 1120 33
3328 1120 33
3296 1120 33
3264 1120 33
3232 1120 33
3200 1120 33
3168 1120 33
3136 1120 33
3104 1120 33
3072 1120 33
3040 1120 33
3008 1120 33
2976 1120 33
2944 1120 33
2912 1120 33
2880 1120 33
2848 1120 33
2816 1120 33
2784 1120 33
2752 1120 33
2720 1120 33
2688 1120 33
2656 1120 33
2624 1120 33
2592 1120 33
2560 1120 33
2528 1120 33
2496 1120 33
2464 1120 33
4160 1056 29
59
4128 1056 33
4096 1056 33
4064 1056 33
4032 1056 33
4000 1056 33
3968 1056 33
3936 1056 33
3904 1056 33
3872 1056 33
3840 1056 33
3808 1056 33
3776 1056 33
3744 1056 33
3712 1056 33
3680 1056 33
3648 1056 33
3616 1056 33
3584 1056 33
3552 1056 33
3520 1056 33
3488 1056 33
3456 1056 33
3424 1056 33
3392 1056 33
3360 1056 33
3328 1056 33
3296 1056 33
3264 1056 33
3232 1056 33
3200 1056 33
3168 1056 33
3136 1056 33
3104 1056 33
3072 1056 33
3040 1056 33
3008 1056 33
2976 1056 33
2944 1056 33
2912 1056 33
2880 1056 33
2848 1056 33
2816 1056 33
2784 1056 33
3968 992 33
3936 992 33
3904 992 33
3872 992 33
3840 992 33
3808 992 33
3776 992 33
3744 992 33
3712 992 33
3680 992 33
3648 992 33
3616 992 33
3584 992 33
3552 992 33
3520 992 33
3488 992 33
3488 960 29
29
3456 992 33
3424 992 33
3392 992 33
3360 992 33
3328 992 33
3296 992 33
3264 992 33
3232 992 33
3200 992 33
3168 992 33
3136 992 33
3104 992 33
3072 992 33
3040 992 33
3008 992 33
2976 992 33
2944 992 33
3456 928 33
3424 928 33
3392 928 33
3360 928 33
3328 928 33
3296 928 33
3264 928 33
3232 928 33
3200 928 33
3168 928 33
3136 928 33
3104 928 33
2784 1088 29
16
2752 1056 33
2720 1056 33
2688 1056 33
2656 1056 33
2624 1056 33
2592 1056 33
2560 1056 33
2528 1056 33
2496 1056 33
2464 1056 33
2912 992 33
2880 992 33
2848 992 33
2816 992 33
2784 992 33
2752 992 33
2144 1760 30
24
2112 1920 34
2112 1888 34
2112 1856 34
2112 1824 34
2112 1792 34
2112 1760 34
2112 1728 34
2112 1696 34
2112 1664 34
2112 1632 34
2112 1600 34
2112 1568 34
2112 1536 34
2112 1504 34
2112 1472 34
2176 1728 34
2176 1696 34
2176 1664 34
2176 1632 34
2176 1600 34
2176 1568 34
2176 1536 34
2176 1504 34
2176 1472 34
2048 1984 30
16
2048 1952 34
2048 1920 34
2048 1888 34
2048 1856 34
2048 1824 34
2048 1792 34
2048 1760 34
2048 1728 34
2048 1696 34
2048 1664 34
2048 1632 34
2048 1600 34
2048 1568 34
2048 1536 34
2048 1504 34
2048 1472 34
1952 2016 30
35
1984 1984 34
1984 1952 34
1984 1920 34
1984 1888 34
1984 1856 34
1984 1824 34
1984 1792 34
1984 1760 34
1984 1728 34
1984 1696 34
1984 1664 34
1984 1632 34
1984 1600 34
1984 1568 34
1984 1536 34
1984 1504 34
1984 1472 34
1920 2016 34
1920 1984 34
1920 1952 34
1920 1920 34
1920 1888 34
1920 1856 34
1920 1824 34
1920 1792 34
1920 1760 34
1920 1728 34
1920 1696 34
1920 1664 34
1920 1632 34
1920 1600 34
1920 1568 34
1920 1536 34
1920 1504 34
1920 1472 34
1856 1824 30
11
1856 1792 34
1856 1760 34
1856 1728 34
1856 1696 34
1856 1664 34
1856 1632 34
1856 1600 34
1856 1568 34
1856 1536 34
1856 1504 34
1856 1472 34
1792 1824 30
18
1792 1792 34
1792 1760 34
1792 1728 34
1792 1696 34
1792 1664 34
1792 1632 34
1792 1600 34
1792 1568 34
1792 1536 34
1792 1504 34
1792 1472 34
1728 1792 34
1728 1760 34
1728 1728 34
1728 1568 34
1728 1536 34
1728 1504 34
1728 1472 34
1888 768 29
28
1856 1408 33
1856 1344 33
1856 1280 33
1856 1216 33
1856 1152 33
1856 1088 33
1856 1024 33
1856 960 33
1856 896 33
1856 832 33
1856 768 33
1856 704 33
1856 640 33
1856 576 33
1824 608 33
1824 672 33
1824 736 33
1824 800 33
1824 864 33
1824 928 33
1824 992 33
1824 1056 33
1824 1120 33
1824 1184 33
1824 1248 33
1824 1312 33
1824 1376 33
1824 1440 33
1568 1440 30
44
1536 1408 34
1536 1376 34
1536 1344 34
1536 1312 34
1536 1280 34
1536 1248 34
1536 1216 34
1536 1184 34
1536 1152 34
1536 1120 34
1536 1088 34
1536 1056 34
1536 1024 34
1536 992 34
1536 960 34
1536 928 34
1536 896 34
1536 864 34
1536 832 34
1536 800 34
1536 768 34
1536 736 34
1600 1408 34
1600 1376 34
1600 1344 34
1600 1312 34
1600 1280 34
1600 1248 34
1600 1216 34
1600 1184 34
1600 1152 34
1600 1120 34
1600 1088 34
1600 1056 34
1600 1024 34
1600 992 34
1600 960 34
1600 928 34
1600 896 34
1600 864 34
1600 832 34
1600 800 34
1600 768 34
1600 736 34
1664 1280 30
22
1664 1248 34
1664 1216 34
1664 1184 34
1664 1152 34
1664 1120 34
1664 1088 34
1664 1056 34
1664 1024 34
1664 992 34
1664 960 34
1664 928 34
1664 896 34
1664 864 34
1664 832 34
1664 800 34
1664 768 34
1664 736 34
1664 704 34
1664 672 34
1664 640 34
1664 608 34
1664 576 34
1760 1280 30
47
1728 1248 34
1728 1216 34
1728 1184 34
1728 1152 34
1728 1120 34
1728 1088 34
1728 1056 34
1728 1024 34
1728 992 34
1728 960 34
1728 928 34
1728 896 34
1728 864 34
1728 832 34
1728 800 34
1728 768 34
1728 736 34
1728 704 34
1728 672 34
1728 640 34
1728 608 34
1728 576 34
1792 1248 34
1792 1216 34
1792 1184 34
1792 1152 34
1792 1120 34
1792 1088 34
1792 1056 34
1792 1024 34
1792 992 34
1792 960 34
1792 928 34
1792 896 34
1792 864 34
1792 832 34
1792 800 34
1792 768 34
1792 736 34
1792 704 34
1792 672 34
1792 640 34
1792 608 34
1792 576 34
1792 544 34
1792 512 34
1792 480 34
1440 1248 30
5
1472 864 34
1472 832 34
1472 800 34
1472 768 34
1472 736 34
