29 32 32
2528 2080 28
26
2560 2112 32
2592 2112 32
2624 2112 32
2656 2112 32
2688 2112 32
2720 2112 32
2752 2112 32
2784 2112 32
2816 2112 32
2848 2112 32
2880 2112 32
2912 2112 32
2944 2112 32
2560 2048 32
2592 2048 32
2624 2048 32
2656 2048 32
2688 2048 32
2720 2048 32
2752 2048 32
2784 2048 32
2816 2048 32
2848 2048 32
2880 2048 32
2912 2048 32
2944 2048 32
2528 1984 28
13
2560 1984 32
2592 1984 32
2624 1984 32
2656 1984 32
2688 1984 32
2720 1984 32
2752 1984 32
2784 1984 32
2816 1984 32
2848 1984 32
2880 1984 32
2912 1984 32
2944 1984 32
2656 1888 28
21
2592 1920 32
2624 1920 32
2656 1920 32
2688 1920 32
2720 1920 32
2752 1920 32
2784 1920 32
2816 1920 32
2848 1920 32
2880 1920 32
2912 1920 32
2944 1920 32
2688 1856 32
2720 1856 32
2752 1856 32
2784 1856 32
2816 1856 32
2848 1856 32
2880 1856 32
2912 1856 32
2944 1856 32
2848 1792 28
6
2784 1792 32
2816 1792 32
2848 1792 32
2880 1792 32
2912 1792 32
2944 1792 32
1600 2048 30
6
1568 2016 34
1568 1984 34
1568 1952 34
1632 2016 34
1632 1984 34
1632 1952 34
1696 2048 30
27
1696 2016 34
1696 1984 34
1696 1952 34
1696 1920 34
1696 1888 34
1696 1856 34
1696 1824 34
1696 1792 34
1696 1760 34
1696 1728 34
1696 1696 34
1696 1664 34
1696 1632 34
1696 1600 34
1696 1568 34
1632 1920 34
1632 1888 34
1632 1856 34
1632 1824 34
1632 1792 34
1632 1760 34
1632 1728 34
1632 1696 34
1632 1664 34
1632 1632 34
1632 1600 34
1632 1568 34
1792 2048 30
29
1760 2016 34
1760 1984 34
1760 1952 34
1760 1920 34
1760 1888 34
1760 1856 34
1760 1824 34
1760 1792 34
1760 1760 34
1760 1728 34
1760 1696 34
1760 1664 34
1760 1632 34
1760 1600 34
1760 1568 34
1824 2016 34
1824 1984 34
1824 1920 34
1824 1888 34
1824 1856 34
1824 1824 34
1824 1792 34
1824 1760 34
1824 1728 34
1824 1696 34
1824 1664 34
1824 1632 34
1824 1600 34
1824 1568 34
1888 2048 30
15
1888 2016 34
1888 1984 34
1888 1952 34
1888 1920 34
1888 1888 34
1888 1856 34
1888 1824 34
1888 1792 34
1888 1760 34
1888 1728 34
1888 1696 34
1888 1664 34
1888 1632 34
1888 1600 34
1888 1568 34
1984 1760 30
15
1952 1824 34
1952 1792 34
1952 1760 34
1952 1728 34
1952 1696 34
1952 1664 34
1952 1632 34
1952 1600 34
1952 1568 34
2016 1728 34
2016 1696 34
2016 1664 34
2016 1632 34
2016 1600 34
2016 1568 34
2912 384 29
59
2880 416 33
2848 416 33
2816 416 33
2784 416 33
2752 416 33
2720 416 33
2688 416 33
2656 416 33
2624 416 33
2592 416 33
2560 416 33
2528 416 33
2496 416 33
2464 416 33
2432 416 33
2400 416 33
2368 416 33
2336 416 33
2304 416 33
2272 416 33
2240 416 33
2208 416 33
2176 416 33
2144 416 33
2112 416 33
2080 416 33
2048 416 33
2016 416 33
2976 352 33
2944 352 33
2912 352 33
2880 352 33
2848 352 33
2816 352 33
2784 352 33
2752 352 33
2720 352 33
2688 352 33
2656 352 33
2624 352 33
2592 352 33
2560 352 33
2528 352 33
2496 352 33
2464 352 33
2432 352 33
2400 352 33
2368 352 33
2336 352 33
2304 352 33
2272 352 33
2240 352 33
2208 352 33
2176 352 33
2144 352 33
2112 352 33
2080 352 33
2048 352 33
2016 352 33
3008 320 29
31
2976 320 33
2944 320 33
2912 320 33
2880 320 33
2848 320 33
2816 320 33
2784 320 33
2752 320 33
2720 320 33
2688 320 33
2656 320 33
2624 320 33
2592 320 33
2560 320 33
2528 320 33
2496 320 33
2464 320 33
2432 320 33
2400 320 33
2368 320 33
2336 320 33
2304 320 33
2272 320 33
2240 320 33
2208 320 33
2176 320 33
2144 320 33
2112 320 33
2080 320 33
2048 320 33
2016 320 33
3008 224 29
62
2976 256 33
2944 256 33
2912 256 33
2880 256 33
2848 256 33
2816 256 33
2784 256 33
2752 256 33
2720 256 33
2688 256 33
2656 256 33
2624 256 33
2592 256 33
2560 256 33
2528 256 33
2496 256 33
2464 256 33
2432 256 33
2400 256 33
2368 256 33
2336 256 33
2304 256 33
2272 256 33
2240 256 33
2208 256 33
2176 256 33
2144 256 33
2112 256 33
2080 256 33
2048 256 33
2016 256 33
2976 192 33
2944 192 33
2912 192 33
2880 192 33
2848 192 33
2816 192 33
2784 192 33
2752 192 33
2720 192 33
2688 192 33
2656 192 33
2624 192 33
2592 192 33
2560 192 33
2528 192 33
2496 192 33
2464 192 33
2432 192 33
2400 192 33
2368 192 33
2336 192 33
2304 192 33
2272 192 33
2240 192 33
2208 192 33
2176 192 33
2144 192 33
2112 192 33
2080 192 33
2048 192 33
2016 192 33
3008 128 29
12
2976 128 33
2944 128 33
2912 128 33
2880 128 33
2848 128 33
2816 128 33
2784 128 33
2752 128 33
2720 128 33
2688 128 33
2656 128 33
2624 128 33
2208 128 29
19
2592 128 33
2560 128 33
2528 128 33
2496 128 33
2464 128 33
2432 128 33
2400 128 33
2368 128 33
2336 128 33
2304 128 33
2272 128 33
2240 128 33
2208 128 33
2176 128 33
2144 128 33
2112 128 33
2080 128 33
2048 128 33
2016 128 33
2528 2176 28
11
2560 2176 32
2592 2176 32
2624 2176 32
2656 2176 32
2688 2176 32
2720 2176 32
2752 2176 32
2784 2176 32
2816 2176 32
2848 2176 32
2880 2176 32
1952 2144 28
23
1984 2112 32
2016 2112 32
2048 2112 32
2080 2112 32
2112 2112 32
2144 2112 32
2176 2112 32
1984 2176 32
2016 2176 32
2048 2176 32
2080 2176 32
2112 2176 32
2144 2176 32
2176 2176 32
2208 2176 32
1984 2240 32
2016 2240 32
2048 2240 32
2080 2240 32
2112 2240 32
2144 2240 32
2176 2240 32
2208 2240 32
5024 448 31
20
4992 480 35
4992 512 35
4992 544 35
4992 576 35
4992 608 35
4992 640 35
4992 672 35
4992 704 35
4992 736 35
4992 768 35
5056 480 35
5056 512 35
5056 544 35
5056 576 35
5056 608 35
5056 640 35
5056 672 35
5056 704 35
5056 736 35
5056 768 35
5152 384 31
20
5120 416 35
5120 448 35
5120 480 35
5120 512 35
5120 544 35
5120 576 35
5120 608 35
5120 640 35
5120 672 35
5120 704 35
5184 416 35
5184 448 35
5184 480 35
5184 512 35
5184 544 35
5184 576 35
5184 608 35
5184 640 35
5184 672 35
5184 704 35
5280 352 31
18
5248 384 35
5248 416 35
5248 448 35
5248 480 35
5248 512 35
5248 544 35
5248 576 35
5248 608 35
5248 640 35
5248 672 35
5312 384 35
5312 416 35
5312 448 35
5312 480 35
5312 512 35
5312 544 35
5312 576 35
5312 608 35
5216 736 31
14
5248 768 35
5248 800 35
5248 832 35
5248 864 35
5248 896 35
5248 928 35
5248 960 35
5184 768 35
5184 800 35
5184 832 35
5184 864 35
5184 896 35
5184 928 35
5184 960 35
5088 768 31
10
5120 800 35
5120 832 35
5120 864 35
5120 896 35
5120 928 35
5056 800 35
5056 832 35
5056 864 35
5056 896 35
5056 928 35
4960 800 31
8
4992 832 35
4992 864 35
4992 896 35
4928 832 35
4928 864 35
4928 896 35
4928 928 35
4992 928 35
2080 1248 28
32
2112 1216 32
2144 1216 32
2176 1216 32
2208 1216 32
2240 1216 32
2272 1216 32
2304 1216 32
2336 1216 32
2368 1216 32
2400 1216 32
2432 1216 32
2464 1216 32
2496 1216 32
2528 1216 32
2560 1216 32
2112 1280 32
2144 1280 32
2176 1280 32
2208 1280 32
2240 1280 32
2272 1280 32
2304 1280 32
2336 1280 32
2368 1280 32
2400 1280 32
2432 1280 32
2464 1280 32
2496 1280 32
2528 1280 32
2560 1280 32
2592 1216 32
2592 1280 32
2080 1376 28
34
2112 1344 32
2144 1344 32
2176 1344 32
2112 1408 32
2144 1408 32
2176 1408 32
2208 1408 32
2208 1344 32
2240 1344 32
2240 1408 32
2272 1344 32
2272 1408 32
2304 1344 32
2304 1408 32
2336 1344 32
2336 1408 32
2368 1344 32
2400 1344 32
2432 1344 32
2464 1344 32
2496 1344 32
2528 1344 32
2560 1344 32
2368 1408 32
2400 1408 32
2432 1408 32
2464 1408 32
2496 1408 32
2528 1408 32
2560 1408 32
2112 1472 32
2144 1472 32
2176 1472 32
2208 1472 32
2592 1184 28
46
2624 1184 32
2656 1184 32
2688 1184 32
2720 1184 32
2752 1184 32
2784 1184 32
2816 1184 32
2848 1184 32
2880 1184 32
2912 1184 32
2944 1184 32
2976 1184 32
3008 1184 32
3040 1184 32
3072 1184 32
3104 1184 32
2624 1248 32
2656 1248 32
2688 1248 32
2720 1248 32
2752 1248 32
2784 1248 32
2816 1248 32
2848 1248 32
2880 1248 32
2912 1248 32
2944 1248 32
2976 1248 32
3008 1248 32
3040 1248 32
3072 1248 32
2624 1312 32
2656 1312 32
2688 1312 32
2720 1312 32
2752 1312 32
2784 1312 32
2816 1312 32
2848 1312 32
2880 1312 32
2912 1312 32
2944 1312 32
2976 1312 32
3008 1312 32
3040 1312 32
3072 1312 32
2560 1440 28
45
2592 1376 32
2624 1376 32
2656 1376 32
2688 1376 32
2720 1376 32
2752 1376 32
2784 1376 32
2816 1376 32
2848 1376 32
2880 1376 32
2912 1376 32
2944 1376 32
2976 1376 32
3008 1376 32
3040 1376 32
3072 1376 32
2592 1440 32
2624 1440 32
2656 1440 32
2688 1440 32
2720 1440 32
2752 1440 32
2784 1440 32
2816 1440 32
2848 1440 32
2880 1440 32
2912 1440 32
2944 1440 32
2976 1440 32
3008 1440 32
3040 1440 32
3072 1440 32
2912 1504 32
2944 1504 32
2976 1504 32
3008 1504 32
3040 1504 32
3072 1504 32
3008 1568 32
3040 1568 32
3072 1568 32
2880 1504 32
2848 1504 32
2816 1504 32
2784 1504 32
4224 1120 28
60
4256 1088 32
4288 1088 32
4320 1088 32
4352 1088 32
4384 1088 32
4416 1088 32
4448 1088 32
4480 1088 32
4512 1088 32
4544 1088 32
4576 1088 32
4608 1088 32
4640 1088 32
4672 1088 32
4704 1088 32
4736 1088 32
4768 1088 32
4800 1088 32
4832 1088 32
4864 1088 32
4256 1152 32
4288 1152 32
4320 1152 32
4352 1152 32
4384 1152 32
4416 1152 32
4448 1152 32
4480 1152 32
4512 1152 32
4544 1152 32
4576 1152 32
4608 1152 32
4640 1152 32
4672 1152 32
4704 1152 32
4736 1152 32
4768 1152 32
4800 1152 32
4832 1152 32
4864 1152 32
4256 1216 32
4288 1216 32
4320 1216 32
4352 1216 32
4384 1216 32
4416 1216 32
4448 1216 32
4480 1216 32
4512 1216 32
4544 1216 32
4576 1216 32
4608 1216 32
4640 1216 32
4672 1216 32
4704 1216 32
4736 1216 32
4768 1216 32
4800 1216 32
4832 1216 32
4864 1216 32
4224 1312 28
56
4256 1280 32
4288 1280 32
4320 1280 32
4352 1280 32
4384 1280 32
4416 1280 32
4448 1280 32
4480 1280 32
4512 1280 32
4544 1280 32
4576 1280 32
4608 1280 32
4640 1280 32
4672 1280 32
4704 1280 32
4736 1280 32
4768 1280 32
4800 1280 32
4832 1280 32
4864 1280 32
4256 1344 32
4288 1344 32
4320 1344 32
4352 1344 32
4384 1344 32
4416 1344 32
4448 1344 32
4480 1344 32
4512 1344 32
4544 1344 32
4576 1344 32
4608 1344 32
4640 1344 32
4672 1344 32
4704 1344 32
4736 1344 32
4768 1344 32
4800 1344 32
4832 1344 32
4864 1344 32
4672 1408 32
4704 1408 32
4736 1408 32
4768 1408 32
4800 1408 32
4832 1408 32
4864 1408 32
4256 1408 32
4288 1408 32
4320 1408 32
4352 1408 32
4384 1408 32
4416 1408 32
4448 1408 32
4480 1408 32
4640 1408 32
3552 1248 28
117
3584 1280 32
3616 1280 32
3648 1280 32
3680 1280 32
3712 1280 32
3744 1280 32
3776 1280 32
3808 1280 32
3840 1280 32
3872 1280 32
3904 1280 32
3936 1280 32
3968 1280 32
4000 1280 32
4032 1280 32
4064 1280 32
4096 1280 32
4128 1280 32
4160 1280 32
4192 1280 32
4224 1280 32
3584 1216 32
3616 1216 32
3648 1216 32
3680 1216 32
3712 1216 32
3744 1216 32
3776 1216 32
3808 1216 32
3840 1216 32
3872 1216 32
3904 1216 32
3936 1216 32
3968 1216 32
4000 1216 32
4032 1216 32
4064 1216 32
4096 1216 32
4128 1216 32
4160 1216 32
4192 1216 32
4224 1216 32
3584 1152 32
3616 1152 32
3648 1152 32
3680 1152 32
3712 1152 32
3744 1152 32
3776 1152 32
3808 1152 32
3840 1152 32
3872 1152 32
3904 1152 32
3936 1152 32
3968 1152 32
4000 1152 32
4032 1152 32
4064 1152 32
4096 1152 32
4128 1152 32
4160 1152 32
4192 1152 32
4224 1152 32
3776 1088 32
3808 1088 32
3872 1088 32
3840 1088 32
3904 1088 32
3936 1088 32
3968 1088 32
4000 1088 32
4032 1088 32
4064 1088 32
4096 1088 32
4128 1088 32
4160 1088 32
4192 1088 32
4224 1088 32
3904 1024 32
3936 1024 32
3968 1024 32
4000 1024 32
4032 1024 32
4064 1024 32
4096 1024 32
4128 1024 32
4160 1024 32
3584 1344 32
3616 1344 32
3648 1344 32
3680 1344 32
3712 1344 32
3744 1344 32
3776 1344 32
3808 1344 32
3840 1344 32
3872 1344 32
3904 1344 32
3936 1344 32
3968 1344 32
4000 1344 32
4032 1344 32
4064 1344 32
4096 1344 32
4128 1344 32
4160 1344 32
4192 1344 32
4224 1344 32
3808 1408 32
3840 1408 32
3872 1408 32
3904 1408 32
3936 1408 32
3968 1408 32
4000 1408 32
4032 1408 32
4064 1408 32
