9 32 32
1568 1440 30
51
1536 1408 34
1536 1376 34
1536 1344 34
1536 1312 34
1536 1280 34
1536 1248 34
1536 1216 34
1536 1184 34
1536 1152 34
1536 1120 34
1536 1088 34
1536 1056 34
1536 1024 34
1600 1408 34
1600 1376 34
1600 1344 34
1600 1312 34
1600 1280 34
1600 1248 34
1600 1216 34
1600 1184 34
1600 1152 34
1600 1120 34
1600 1088 34
1600 1056 34
1600 1024 34
1600 992 34
1600 960 34
1600 928 34
1600 896 34
1536 992 34
1536 960 34
1536 928 34
1536 896 34
1536 864 34
1600 864 34
1600 832 34
1600 800 34
1536 832 34
1536 800 34
1600 768 34
1600 736 34
1536 768 34
1600 704 34
1536 736 34
1536 704 34
1600 672 34
1472 864 34
1472 832 34
1472 800 34
1472 768 34
1696 1376 30
50
1664 1344 34
1664 1312 34
1664 1280 34
1664 1248 34
1664 1216 34
1664 1184 34
1664 1152 34
1728 1344 34
1728 1312 34
1728 1280 34
1728 1248 34
1728 1216 34
1728 1184 34
1728 1152 34
1664 1120 34
1728 1120 34
1664 1088 34
1728 1088 34
1664 1056 34
1728 1056 34
1664 1024 34
1728 1024 34
1728 992 34
1664 992 34
1728 960 34
1664 960 34
1664 928 34
1728 928 34
1664 896 34
1728 896 34
1664 864 34
1728 864 34
1728 832 34
1664 832 34
1728 800 34
1664 800 34
1728 768 34
1664 768 34
1728 736 34
1664 736 34
1728 704 34
1664 704 34
1728 672 34
1664 672 34
1728 640 34
1664 640 34
1728 608 34
1728 576 34
1728 544 34
1664 608 34
1824 1856 30
25
1792 1824 34
1792 1792 34
1792 1760 34
1792 1728 34
1792 1696 34
1792 1664 34
1792 1632 34
1792 1600 34
1792 1568 34
1792 1536 33
1792 1504 34
1792 1472 33
1856 1824 34
1856 1792 34
1856 1760 34
1856 1728 34
1856 1696 34
1856 1664 34
1856 1632 34
1856 1600 34
1856 1568 33
1856 1536 34
1856 1504 34
1856 1472 34
1856 1440 33
1952 2016 30
34
1920 1984 34
1920 1952 34
1920 1920 34
1920 1888 34
1920 1856 34
1920 1824 34
1920 1792 34
1920 1760 34
1920 1728 34
1984 1984 34
1984 1952 34
1984 1920 34
1984 1888 34
1984 1856 34
1984 1824 34
1984 1792 34
1984 1760 34
1984 1728 34
1984 1696 34
1984 1664 34
1920 1696 34
1920 1664 34
1984 1632 34
1920 1632 34
1984 1600 34
1920 1600 34
1984 1568 34
1920 1568 34
1984 1536 34
1920 1536 34
1920 1504 34
1984 1504 34
1984 1472 34
1920 1472 34
2080 1952 30
32
2048 1952 34
2048 1920 34
2048 1888 34
2048 1856 34
2112 1920 34
2112 1888 34
2112 1856 34
2048 1824 34
2112 1824 34
2048 1792 34
2112 1792 34
2048 1760 34
2112 1760 34
2048 1728 34
2112 1728 34
2048 1696 34
2112 1696 34
2112 1664 34
2048 1664 34
2112 1632 34
2048 1632 34
2112 1600 34
2048 1600 34
2112 1568 34
2176 1696 34
2176 1664 34
2176 1632 34
2176 1600 34
2048 1568 34
2048 1536 34
2176 1568 34
2112 1536 34
4352 1056 29
132
4320 1024 33
4288 1024 33
4256 1024 33
4224 1024 33
4192 1024 33
4160 1024 33
4128 1024 33
4096 1024 33
4064 1024 33
4032 1024 33
4000 1024 33
3968 1024 33
3936 1024 33
3904 1024 33
3872 1024 33
3840 1024 33
3808 1024 33
3776 1024 33
3744 1024 33
3712 1024 33
3680 1024 33
3648 1024 33
4320 1088 33
4288 1088 33
4256 1088 33
4224 1088 33
4192 1088 33
4160 1088 33
4128 1088 33
4096 1088 33
4064 1088 33
4032 1088 33
4000 1088 33
3968 1088 33
3936 1088 33
3904 1088 33
3872 1088 33
3840 1088 33
3808 1088 33
3776 1088 33
3744 1088 33
3712 1088 33
3680 1088 33
3648 1088 33
3616 1024 33
3616 1088 33
3584 1024 33
3584 1088 33
3552 1088 33
3552 1024 33
3520 1024 33
3488 1024 33
3456 1024 33
3520 1088 33
3488 1088 33
3456 1088 33
3424 1024 33
3392 1024 33
3360 1024 33
3424 1088 33
3392 1088 33
3360 1088 33
3328 1088 33
3328 1024 33
3296 1088 33
3296 1024 33
3264 1088 33
3264 1024 33
3232 1088 33
3232 1024 33
3200 1088 33
3200 1024 33
3168 1088 33
3168 1024 33
3136 1088 33
3136 1024 33
3104 1088 33
3072 1088 33
3104 1024 33
3072 1024 33
3040 1088 33
3008 1088 33
3040 1024 33
2976 1088 33
2944 1088 33
2912 1088 33
3008 1024 33
2976 1024 33
3616 960 33
3584 960 33
3552 960 33
3520 960 33
3488 960 33
3456 960 33
3424 960 33
3392 960 33
3360 960 33
3328 960 33
3296 960 33
3264 960 33
3232 960 33
3200 960 33
3168 960 33
3136 960 33
3072 960 33
3104 960 35
3040 960 35
2944 1024 33
2912 1024 33
2880 1024 33
2944 960 35
2848 1024 33
2816 1024 33
2784 1024 35
2880 1088 33
2848 1088 33
2816 1088 33
2784 1088 33
2752 1088 33
2720 1088 33
2400 1088 34
2368 1088 33
2400 1024 33
2688 1088 33
2656 1088 33
2624 1088 33
2592 1088 33
2560 1088 33
2528 1088 33
2496 1088 33
2464 1088 33
2432 1088 33
4384 1216 29
188
4320 1152 33
4352 1152 33
4288 1152 33
4256 1152 33
4224 1152 33
4192 1152 33
4160 1152 33
4128 1152 33
4096 1152 33
4064 1152 33
4032 1152 33
4000 1152 33
3968 1152 33
3936 1152 33
3904 1152 33
3872 1152 33
3840 1152 33
3808 1152 33
3776 1152 33
3744 1152 33
3712 1152 33
3680 1152 33
3648 1152 33
3616 1152 33
3584 1152 33
3552 1152 33
3520 1152 33
3488 1152 33
3456 1152 33
3424 1152 33
3392 1152 33
3360 1152 33
3328 1152 33
3296 1152 33
3264 1152 33
3232 1152 33
3200 1152 33
3168 1152 33
3136 1152 33
3104 1152 33
3072 1152 33
3040 1152 33
3008 1152 33
2976 1152 33
2944 1152 33
2912 1152 33
2880 1152 33
2848 1152 33
2816 1152 33
2784 1152 33
2752 1152 33
2720 1152 33
2688 1152 33
2656 1152 33
2624 1152 33
2592 1152 33
2560 1152 33
2528 1152 33
2496 1152 33
2464 1152 33
2432 1152 33
4352 1216 33
4320 1216 33
4288 1216 33
4256 1216 33
4224 1216 33
4192 1216 33
4160 1216 33
4128 1216 33
4096 1216 33
4064 1216 33
4032 1216 33
4000 1216 33
3968 1216 33
3936 1216 33
3904 1216 33
3872 1216 33
3840 1216 33
3808 1216 33
3776 1216 33
3744 1216 33
3712 1216 33
3680 1216 33
3648 1216 33
3616 1216 33
3584 1216 33
3552 1216 33
3520 1216 33
3488 1216 33
3456 1216 33
3424 1216 33
3392 1216 33
3360 1216 33
3328 1216 33
3296 1216 33
3264 1216 33
3232 1216 33
3200 1216 33
3168 1216 33
3136 1216 33
3104 1216 33
3072 1216 33
3040 1216 33
3008 1216 33
2976 1216 33
2944 1216 33
2912 1216 33
2880 1216 33
2848 1216 33
2816 1216 33
2784 1216 33
2752 1216 33
2720 1216 33
2688 1216 33
2656 1216 33
2624 1216 33
2592 1216 33
2560 1216 33
2528 1216 33
2496 1216 33
2464 1216 33
2432 1216 33
2400 1216 33
2368 1216 33
4352 1280 33
4320 1280 33
4288 1280 33
4256 1280 33
4224 1280 33
4192 1280 33
4160 1280 33
4128 1280 33
4096 1280 33
4064 1280 33
4032 1280 33
4000 1280 33
3968 1280 33
3936 1280 33
3904 1280 33
3872 1280 33
3840 1280 33
3808 1280 33
3776 1280 33
3744 1280 33
3712 1280 33
3680 1280 33
3648 1280 33
3616 1280 33
3584 1280 33
3552 1280 33
3520 1280 33
3488 1280 33
3456 1280 33
3424 1280 33
3392 1280 34
3360 1280 34
3328 1280 34
3296 1280 34
3264 1280 34
3232 1280 34
3200 1280 34
3168 1280 34
3136 1280 34
3104 1280 33
3072 1280 33
3040 1280 33
3008 1280 33
2976 1280 33
2944 1280 33
2912 1280 33
2880 1280 33
2848 1280 33
2816 1280 33
2784 1280 33
2752 1280 33
2720 1280 33
2688 1280 33
2656 1280 33
2624 1280 33
2592 1280 33
2560 1280 33
2528 1280 33
2496 1280 33
2464 1280 33
2432 1280 33
2400 1280 33
2368 1280 33
2336 1280 33
4416 1376 29
178
4448 1344 33
4416 1344 33
4384 1344 33
4352 1344 33
4320 1344 33
4288 1344 33
4256 1344 33
4224 1344 33
4192 1344 33
4160 1344 33
4128 1344 33
4096 1344 33
4064 1344 33
4032 1344 33
4000 1344 33
3968 1344 33
3936 1344 33
3904 1344 33
3872 1344 33
3840 1344 33
3808 1344 33
3776 1344 33
3744 1344 33
3712 1344 33
3680 1344 33
3648 1344 33
3616 1344 33
3584 1344 33
3552 1344 33
3520 1344 33
3488 1344 33
3424 1344 34
3456 1344 34
3392 1344 34
3360 1344 34
3328 1344 34
3296 1344 34
3264 1344 34
3232 1344 34
3200 1344 34
3168 1344 34
3136 1344 34
3104 1344 33
3072 1344 33
3040 1344 33
3008 1344 33
2976 1344 33
2944 1344 33
2912 1344 33
2880 1344 33
2848 1344 33
2816 1344 33
2784 1344 33
2752 1344 33
2720 1344 33
2688 1344 33
2656 1344 33
2624 1344 33
2592 1344 33
2560 1344 33
2528 1344 33
2496 1344 33
2464 1344 33
2432 1344 33
2400 1344 33
4384 1408 33
4352 1408 33
4320 1408 33
4288 1408 33
4256 1408 33
4224 1408 33
4192 1408 33
4160 1408 33
4128 1408 33
4096 1408 33
4064 1408 33
4032 1408 33
4000 1408 33
3968 1408 33
3936 1408 33
3904 1408 33
3872 1408 33
3840 1408 33
3808 1408 33
3776 1408 33
3744 1408 33
3712 1408 33
3680 1408 33
3648 1408 33
3616 1408 33
3584 1408 33
3552 1408 33
3520 1408 33
3488 1408 33
4352 1472 33
4320 1472 33
4288 1472 33
4256 1472 33
4224 1472 33
4192 1472 33
4160 1472 33
4128 1472 33
4096 1472 33
4064 1472 33
4032 1472 33
4000 1472 33
3968 1472 33
3936 1472 33
3904 1472 33
3872 1472 33
3840 1472 33
3808 1472 33
3776 1472 33
3744 1472 33
3712 1472 33
3680 1472 33
3648 1472 33
3616 1472 33
3584 1472 33
3552 1472 35
3520 1472 35
3488 1472 35
3456 1472 35
3424 1472 35
3456 1408 35
3424 1408 35
3392 1408 35
3360 1408 35
3392 1472 35
3328 1408 35
3296 1408 34
3264 1408 34
3232 1408 34
3200 1408 34
3168 1408 34
3136 1408 34
3104 1408 34
3040 1408 33
3008 1408 33
2976 1408 33
2944 1408 33
2912 1408 33
2880 1408 33
2848 1408 33
2816 1408 33
2784 1408 33
2752 1408 33
2720 1408 33
2688 1408 33
2656 1408 33
2624 1408 33
2592 1408 33
2560 1408 33
2528 1408 33
2496 1408 33
2464 1408 33
2432 1408 33
2400 1408 33
2368 1408 33
2912 1472 33
2880 1472 33
2848 1472 33
2816 1472 33
2784 1472 33
2752 1472 33
2720 1472 33
2688 1472 33
2656 1472 33
2624 1472 33
2592 1472 33
2560 1472 33
2528 1472 33
2496 1472 33
2464 1472 33
2432 1472 33
2400 1472 33
2368 1472 33
2336 1472 33
1824 1280 30
53
1792 1248 33
1792 1216 33
1792 1184 33
1792 1152 33
1792 1120 33
1792 1088 33
1792 1056 33
1792 1024 33
1856 1248 33
1856 1216 33
1856 1184 33
1856 1152 33
1856 1120 33
1856 1088 33
1856 1056 33
1856 1024 33
1856 992 33
1792 992 33
1856 960 33
1792 960 33
1856 928 33
1856 896 33
1856 864 33
1856 832 33
1856 800 33
1856 768 33
1856 736 33
1856 704 33
1792 928 33
1792 896 33
1792 864 33
1792 832 33
1792 800 33
1792 768 33
1792 736 33
1792 704 33
1792 672 33
1792 640 33
1792 608 33
1792 576 33
1792 544 33
1792 512 33
1920 1056 33
1920 1024 33
1920 992 33
1920 960 33
1920 928 33
1920 896 33
1920 864 33
1920 832 33
1920 800 33
1920 768 33
1920 736 33
